m_mchamp (GeV)	e_reco		xs (pb)			effLumi		expBG	eBGerr	obs	obsLim	expLim	expLo1	expHi1  expLo2  expHi2

100		0.011		+1.8800000000E+00	4151.58		4726.1  435.997 4545    812.276 956.138 708.647 1239.44 507.234 1578.7
200		0.011		+1.4020000000E-01	4151.58		4726.1  435.997 4545    812.276 956.138 708.647 1239.44 507.234 1578.7
300		0.011		+2.6220000000E-02	4151.58		4726.1  435.997 4545    812.276 956.138 708.647 1239.44 507.234 1578.7
400		0.011		+6.9680000000E-03	4151.58		4726.1  435.997 4545    812.276 956.138 708.647 1239.44 507.234 1578.7
500		0.012		+2.2570000000E-03	4151.58		724.46  5.00001 1254    706.542 61.1955 41.4403 81.3551 30.8396 110.867
600		0.012		+8.1830000000E-04	4151.58		724.46  5.00001 1254    706.542 61.1955 41.4403 81.3551 30.8396 110.867
700		0.012		+3.2280000000E-04	4151.58		724.46  5.00001 1254    706.542 61.1955 41.4403 81.3551 30.8396 110.867
800		0.012		+1.3330000000E-04	4151.58		724.46  5.00001 1254    706.542 61.1955 41.4403 81.3551 30.8396 110.867
900		0.012		+5.7640000000E-05	4151.58		724.46  5.00001 1254    706.542 61.1955 41.4403 81.3551 30.8396 110.867
1000		0.015		+2.5400000000E-05	4151.58         724.46  5.00001 1254    706.542 61.1955 41.4403 81.3551 30.8396 110.867

